# 2016 3 0
# 2017 9 1
# 2018 29 2
# 2019 21 3
# 2020 41 4
# 2021 16 5
# 2022 30 6
# 2023 35 7
# 2024 131 8
4 0 1
2 1 1
7 2 1
2 3 1
4 4 1
6 4 1
8 4 1
1 5 1
4 5 1
4 6 2
7 7 1
7 8 1
8 9 1
3 10 1
4 10 1
8 11 1
2 12 1
4 13 1
5 14 1
8 15 1
7 16 1
6 17 1
8 18 1
8 19 1
7 20 1
8 21 1
4 22 1
8 22 1
4 23 1
8 23 2
7 24 1
5 25 1
6 26 1
7 27 1
6 28 1
6 29 1
1 30 1
4 31 1
6 32 1
2 33 1
4 34 1
8 34 1
5 35 1
5 36 1
6 37 1
5 38 1
4 39 1
6 40 1
4 41 1
8 42 1
8 43 1
1 44 1
2 44 1
6 44 2
8 45 1
8 46 2
1 47 1
3 48 1
8 49 1
2 50 1
6 51 1
8 52 1
2 53 1
8 54 2
2 55 1
3 55 1
4 55 2
6 55 1
7 55 2
8 55 12
3 56 1
8 57 1
4 58 1
8 59 1
8 60 2
6 61 1
7 61 1
0 62 1
5 63 1
8 64 1
2 65 1
7 65 1
7 66 1
8 67 1
1 68 1
2 68 6
3 68 3
4 68 4
5 68 3
6 68 4
7 68 6
8 68 28
6 69 1
8 70 3
3 71 1
2 72 1
2 73 2
3 73 1
4 73 1
8 73 4
8 74 2
6 75 1
7 76 1
8 77 1
8 78 2
0 79 1
8 80 1
2 81 1
8 81 1
2 82 1
4 83 1
5 83 1
6 83 1
8 83 11
8 84 1
8 85 1
7 86 1
8 87 1
2 88 1
7 89 1
2 90 1
3 90 1
4 90 1
5 90 1
6 90 2
7 90 1
8 91 1
3 92 1
2 93 1
4 93 1
3 94 1
7 95 1
8 96 1
3 97 1
3 98 1
8 99 2
5 100 1
6 101 2
2 102 1
4 103 1
8 104 2
8 105 1
4 106 1
4 107 1
7 108 1
4 109 1
8 110 1
4 111 1
7 112 1
8 113 3
3 114 1
8 115 1
4 116 1
3 117 1
4 118 1
1 119 1
8 119 2
6 120 1
0 121 1
1 121 3
2 121 2
3 121 4
4 121 5
7 121 3
8 121 7
6 122 1
8 123 1
5 124 1
8 125 1
5 126 1
6 126 1
8 127 1
7 128 2
8 128 1
8 129 2
5 130 1
8 131 1
2 132 1
6 133 1
3 134 1
4 134 1
7 135 1
8 136 1
7 137 1
7 138 1
8 139 1
7 140 1
2 141 1
4 141 1
4 142 1
7 143 1
8 143 1
5 144 1
6 145 1
2 146 1
8 146 4
8 147 1
8 148 1
4 149 1
6 150 1
4 151 1
